0 h j 0 0 5 5 5
0.1 0.1 5.1 4.1 3.1 3.1
-1 -2 -3 -4 -5 -6
2e-12 4E-12 3e-12 6E-12 4e-12 -4e-12
4 4 -555 567 11 1
0 0 1 1 j 4
255.5 55,4 55 3 3 4
4 4  1  1       3            2
7.574 424.5 .56 .32 4 5
44444 1111 11 1 1 23.42324
2.2222 0.001a 1111 .34 2 .1
777.77 777.77 0.77 777.77 777.77 .77
777.77 777.77 0.77 777.77 777.77 .77
5.55 j a 7 jf 1
1234 1.1 1 1.1 5 0 7
1234 1.1 1 1.1 5
12345 1.1 1 1.1 5 0
1234 1.1 1 1.1 5 0
-.000001 .000001 0 0 -0.000001 0
10000.0001 9999.99 -9999.99 -9999.99 -7777.77 -3333.33
10000 9999.99 -9999.99 -9999.99 -7777.77 -3333.33